5.684869289398193359e-01
3.546363115310668945e-01
2.806615531444549561e-01
2.326036691665649414e-01
1.981707215309143066e-01
1.792296320199966431e-01
1.591902673244476318e-01
1.442225426435470581e-01
1.333366781473159790e-01
1.278945654630661011e-01
1.156895160675048828e-01
1.088807359337806702e-01
1.064580976963043213e-01
1.034848392009735107e-01
9.852297604084014893e-02
9.658725559711456299e-02
9.717841446399688721e-02
9.110576659440994263e-02
8.878434449434280396e-02
8.936320990324020386e-02
8.507351577281951904e-02
8.716477453708648682e-02
8.592483401298522949e-02
8.622010052204132080e-02
8.638429641723632812e-02
8.478098362684249878e-02
8.531848341226577759e-02
8.187165856361389160e-02
8.100567758083343506e-02
8.208372443914413452e-02
8.023999631404876709e-02
8.177982270717620850e-02
8.359532803297042847e-02
8.216039091348648071e-02
7.986634969711303711e-02
7.906115055084228516e-02
8.125551044940948486e-02
8.040174841880798340e-02
7.942720502614974976e-02
8.062203973531723022e-02
8.031097799539566040e-02
8.276464045047760010e-02
8.378085494041442871e-02
8.392025530338287354e-02
8.644941449165344238e-02
8.778938651084899902e-02
8.501551300287246704e-02
8.613795787096023560e-02
8.699941635131835938e-02
8.623567968606948853e-02
8.886265009641647339e-02
8.700456470251083374e-02
8.465542644262313843e-02
8.855285495519638062e-02
9.034522622823715210e-02
9.079799801111221313e-02
8.665368705987930298e-02
8.744658529758453369e-02
8.913560211658477783e-02
9.089720994234085083e-02
9.275391697883605957e-02
9.260360896587371826e-02
9.214562177658081055e-02
9.263980388641357422e-02
9.496893733739852905e-02
9.188175201416015625e-02
9.137973189353942871e-02
8.909466862678527832e-02
9.173063933849334717e-02
9.296008944511413574e-02
9.250874817371368408e-02
9.347189962863922119e-02
9.381728619337081909e-02
9.502246230840682983e-02
9.680340439081192017e-02
9.865578263998031616e-02
9.715520590543746948e-02
1.053959503769874573e-01
1.027962490916252136e-01
9.761229902505874634e-02
9.790123999118804932e-02
9.389211237430572510e-02
9.900546818971633911e-02
9.721489995718002319e-02
9.532945603132247925e-02
9.885472804307937622e-02
1.027436852455139160e-01
1.000209376215934753e-01
9.805160015821456909e-02
9.968959540128707886e-02
9.834534674882888794e-02
1.033409312367439270e-01
9.823059290647506714e-02
9.978971630334854126e-02
1.019310280680656433e-01
1.052197962999343872e-01
1.018134355545043945e-01
1.013989076018333435e-01
1.081310063600540161e-01
1.066307350993156433e-01
