2.908754646778106689e-01
4.802064001560211182e-01
5.645242333412170410e-01
6.245527267456054688e-01
6.709616184234619141e-01
6.974097490310668945e-01
7.266827821731567383e-01
7.488832473754882812e-01
7.655897736549377441e-01
7.741826772689819336e-01
7.933463454246520996e-01
8.042977452278137207e-01
8.081526160240173340e-01
8.130134344100952148e-01
8.211492896080017090e-01
8.244462013244628906e-01
8.234190940856933594e-01
8.334960341453552246e-01
8.373678922653198242e-01
8.364810943603515625e-01
8.436617851257324219e-01
8.401575684547424316e-01
8.421969413757324219e-01
8.416288495063781738e-01
8.414113521575927734e-01
8.441001176834106445e-01
8.432322740554809570e-01
8.490261435508728027e-01
8.504563570022583008e-01
8.486424088478088379e-01
8.518018126487731934e-01
8.491929769515991211e-01
8.460986614227294922e-01
8.484886288642883301e-01
8.524134755134582520e-01
8.537921905517578125e-01
8.500400185585021973e-01
8.515076041221618652e-01
8.531447649002075195e-01
8.511358499526977539e-01
8.516892194747924805e-01
8.475582003593444824e-01
8.457496166229248047e-01
8.455150723457336426e-01
8.412359356880187988e-01
8.389843106269836426e-01
8.436149358749389648e-01
8.417324423789978027e-01
8.402828574180603027e-01
8.416189551353454590e-01
8.371376991271972656e-01
8.402937650680541992e-01
8.442573547363281250e-01
8.376400470733642578e-01
8.346881866455078125e-01
8.339679837226867676e-01
8.408579230308532715e-01
8.395397663116455078e-01
8.367032408714294434e-01
8.337796330451965332e-01
8.306455612182617188e-01
8.309026956558227539e-01
8.316848278045654297e-01
8.307899832725524902e-01
8.269478082656860352e-01
8.320608139038085938e-01
8.329281210899353027e-01
8.367329239845275879e-01
8.323751091957092285e-01
8.303041458129882812e-01
8.310617804527282715e-01
8.294437527656555176e-01
8.288307189941406250e-01
8.268352746963500977e-01
8.239307403564453125e-01
8.208333253860473633e-01
8.233583569526672363e-01
8.098299503326416016e-01
8.140192031860351562e-01
8.225960731506347656e-01
8.220377564430236816e-01
8.287125825881958008e-01
8.203198909759521484e-01
8.232604861259460449e-01
8.263458609580993652e-01
8.204882144927978516e-01
8.141883015632629395e-01
8.185060620307922363e-01
8.218953609466552734e-01
8.191392421722412109e-01
8.213995695114135742e-01
8.132072091102600098e-01
8.215718269348144531e-01
8.189260959625244141e-01
8.154488801956176758e-01
8.101242184638977051e-01
8.156538009643554688e-01
8.163173794746398926e-01
8.054090738296508789e-01
8.077601194381713867e-01
