6.347680091857910156e-01
4.531358778476715088e-01
3.569146692752838135e-01
3.183479011058807373e-01
2.803011834621429443e-01
2.531952261924743652e-01
2.309060394763946533e-01
2.065625041723251343e-01
1.874999552965164185e-01
1.708092540502548218e-01
1.631354689598083496e-01
1.509779840707778931e-01
1.441797465085983276e-01
1.304398030042648315e-01
1.241670623421669006e-01
1.166905537247657776e-01
1.107885241508483887e-01
1.037053316831588745e-01
9.739404171705245972e-02
9.736391156911849976e-02
8.926271647214889526e-02
8.874867856502532959e-02
8.403532207012176514e-02
8.243519812822341919e-02
7.816904783248901367e-02
8.053534477949142456e-02
7.149160653352737427e-02
7.278060168027877808e-02
7.236894220113754272e-02
6.706821173429489136e-02
6.570980697870254517e-02
6.735568493604660034e-02
6.185058504343032837e-02
6.346484273672103882e-02
6.218125671148300171e-02
5.829989910125732422e-02
6.096633896231651306e-02
5.808603763580322266e-02
6.006846576929092407e-02
5.905525013804435730e-02
