2.300439476966857910e-01
3.803473412990570068e-01
4.771272838115692139e-01
5.201079845428466797e-01
5.648133158683776855e-01
5.981413722038269043e-01
6.271524429321289062e-01
6.592583060264587402e-01
6.855543255805969238e-01
7.095800042152404785e-01
7.208784222602844238e-01
7.387616634368896484e-01
7.490085363388061523e-01
7.701103687286376953e-01
7.799524068832397461e-01
7.917594313621520996e-01
8.012530207633972168e-01
8.127585649490356445e-01
8.231371045112609863e-01
8.231261968612670898e-01
8.365590572357177734e-01
8.375554084777832031e-01
8.454301953315734863e-01
8.481801748275756836e-01
8.555381298065185547e-01
8.516013622283935547e-01
8.669405579566955566e-01
8.647432327270507812e-01
8.655227422714233398e-01
8.746219277381896973e-01
8.770548701286315918e-01
8.741666674613952637e-01
8.838373422622680664e-01
8.810914754867553711e-01
8.833109736442565918e-01
8.901230096817016602e-01
8.853805065155029297e-01
8.904862403869628906e-01
8.870613574981689453e-01
8.887987732887268066e-01
