5.821443200111389160e-01
4.252077341079711914e-01
3.643352091312408447e-01
3.144232928752899170e-01
2.753886580467224121e-01
2.390173822641372681e-01
2.167184501886367798e-01
1.964486092329025269e-01
1.829051971435546875e-01
1.688201874494552612e-01
1.600381582975387573e-01
1.554774194955825806e-01
1.460071206092834473e-01
1.419951021671295166e-01
1.363503038883209229e-01
1.329603046178817749e-01
1.299900710582733154e-01
1.259287595748901367e-01
1.215167492628097534e-01
1.188824772834777832e-01
1.158215180039405823e-01
1.130702272057533264e-01
1.100735589861869812e-01
1.117652654647827148e-01
1.060968413949012756e-01
1.056580394506454468e-01
1.051491051912307739e-01
1.043086647987365723e-01
1.029190868139266968e-01
1.039631515741348267e-01
1.001696586608886719e-01
9.928856045007705688e-02
1.003633216023445129e-01
1.016892045736312866e-01
9.946233779191970825e-02
9.888544678688049316e-02
9.739842265844345093e-02
9.885344654321670532e-02
9.879187494516372681e-02
9.811281412839889526e-02
