2.742667198181152344e-01
4.067887663841247559e-01
4.691912233829498291e-01
5.250784158706665039e-01
5.714139938354492188e-01
6.166350841522216797e-01
6.460845470428466797e-01
6.734003424644470215e-01
6.923517584800720215e-01
7.127210497856140137e-01
7.256190776824951172e-01
7.323892116546630859e-01
7.463490962982177734e-01
7.525302767753601074e-01
7.609125971794128418e-01
7.657264471054077148e-01
7.705563306808471680e-01
7.772480845451354980e-01
7.842231988906860352e-01
7.884790897369384766e-01
7.933120727539062500e-01
7.974255681037902832e-01
8.022966980934143066e-01
7.998411059379577637e-01
8.089232444763183594e-01
8.094842433929443359e-01
8.105236291885375977e-01
8.117600083351135254e-01
8.141068220138549805e-01
8.122899532318115234e-01
8.184310197830200195e-01
8.200253248214721680e-01
8.180191516876220703e-01
8.158857226371765137e-01
8.196163177490234375e-01
8.205803632736206055e-01
8.232713937759399414e-01
8.206557035446166992e-01
8.204590678215026855e-01
8.219622969627380371e-01
